6
1
2
0 2 24 7 0 -1
8 2 8 7 0 3
haar_x3
-4.666733e-02 0 -1
5.013406e-01 -4.121962e-01 
1
2
0 0 24 18 0 -1
0 9 24 9 0 2
haar_y2
-5.192407e-01 0 -1
8.723369e-01 -2.344132e-01 
1
2
0 2 10 3 0 -1
0 3 10 1 0 3
haar_y3
7.609525e-03 0 -1
-2.317095e-01 8.795508e-01 
1
2
10 6 8 3 0 -1
10 7 8 1 0 3
haar_y3
-8.024240e-03 0 -1
5.320678e-01 -4.570669e-02 
1
2
0 0 23 4 0 -1
0 2 23 2 0 2
haar_y2
-6.237328e-02 0 -1
1.000000e+00 -2.408477e-01 
1
2
15 6 6 18 0 -1
15 15 6 9 0 2
haar_y2
-4.565194e-02 0 -1
5.112925e-01 -2.288946e-01 
-8.159934e-01

12
-1
