6
1
2
0 0 1 24 0 -1
0 12 1 12 0 2
haar_y2
-1.486858e-02 0 -1
5.918070e-01 -5.027959e-01 
1
2
4 0 20 2 0 -1
4 1 20 1 0 2
haar_y2
-1.451628e-02 0 -1
1.000000e+00 -1.960801e-01 
1
2
0 17 24 2 0 -1
12 17 12 2 0 2
haar_x2
2.270536e-02 0 -1
2.820131e-01 -9.999989e-01 
1
2
11 23 3 1 0 -1
12 23 1 1 0 3
haar_x3
5.678183e-04 0 -1
1.894597e-01 -6.460552e-01 
1
2
7 13 3 7 0 -1
8 13 1 7 0 3
haar_x3
-1.343302e-03 0 -1
-7.146881e-01 3.295087e-01 
1
2
1 9 22 6 0 -1
1 12 22 3 0 2
haar_y2
-4.663277e-02 0 -1
7.585443e-01 -3.647012e-01 
-1.098111e+00

7
-1
