6
1
2
6 23 3 1 0 -1
7 23 1 1 0 3
haar_x3
-7.025285e-04 0 -1
-8.355264e-01 4.057502e-01 
1
2
1 10 23 9 0 -1
1 13 23 3 0 3
haar_y3
-7.007536e-02 0 -1
9.405507e-01 -3.589404e-01 
1
2
4 15 3 8 0 -1
5 15 1 8 0 3
haar_x3
-2.138402e-03 0 -1
-8.116765e-01 4.588297e-01 
1
2
12 19 3 5 0 -1
13 19 1 5 0 3
haar_x3
6.629328e-03 0 -1
1.736968e-01 -9.566903e-01 
1
2
2 0 20 12 0 -1
2 4 20 4 0 3
haar_y3
-8.491917e-02 0 -1
8.685327e-01 -3.841684e-01 
1
2
6 23 18 1 0 -1
12 23 6 1 0 3
haar_x3
7.039587e-03 0 -1
3.076921e-01 -7.392506e-01 
-6.676462e-01

0
-1
