6
1
2
0 8 19 12 0 -1
0 12 19 4 0 3
haar_y3
-7.165317e-02 0 -1
9.545566e-01 -3.621950e-01 
1
2
17 20 2 4 0 -1
17 20 1 4 0 2
haar_x2
1.800161e-03 0 -1
2.272824e-01 -5.749671e-01 
1
2
1 8 18 9 0 -1
1 11 18 3 0 3
haar_y3
2.926443e-02 0 -1
-3.223177e-01 7.988805e-01 
1
2
17 20 2 4 0 -1
17 20 1 4 0 2
haar_x2
-7.962137e-04 0 -1
-5.146776e-01 2.530198e-01 
1
2
5 20 2 4 0 -1
6 20 1 4 0 2
haar_x2
5.866550e-04 0 -1
4.013681e-01 -7.409949e-01 
1
2
4 11 17 12 0 -1
4 15 17 4 0 3
haar_y3
3.721223e-02 0 -1
-3.561727e-01 7.427465e-01 
-9.267124e-01

5
-1
