8
1
2
0 0 8 22 0 -1
0 11 8 11 0 2
haar_y2
-3.925217e-02 0 -1
5.038741e-01 -5.661471e-01 
1
2
20 20 3 4 0 -1
21 20 1 4 0 3
haar_x3
1.481123e-03 0 -1
1.569351e-01 -7.810709e-01 
1
2
1 20 3 4 0 -1
2 20 1 4 0 3
haar_x3
-4.395101e-04 0 -1
-5.759206e-01 4.226252e-01 
1
2
21 1 3 2 0 -1
21 2 3 1 0 2
haar_y2
1.560263e-03 0 -1
-1.380612e-01 3.839318e-01 
1
2
0 1 3 2 0 -1
0 2 3 1 0 2
haar_y2
-6.952889e-04 0 -1
5.942888e-01 -4.822940e-01 
1
3
14 2 10 16 0 -1
19 2 5 8 0 2
14 10 5 8 0 2
haar_x2_y2
1.165429e-02 0 -1
-2.354405e-01 3.057729e-01 
1
3
0 2 10 16 0 -1
0 2 5 8 0 2
5 10 5 8 0 2
haar_x2_y2
2.584500e-02 0 -1
-3.649674e-01 7.093325e-01 
1
2
0 21 24 3 0 -1
0 22 24 1 0 3
haar_y3
7.329512e-04 0 -1
4.877805e-01 -5.132794e-01 
-7.195693e-01

11
-1
