8
1
2
0 1 24 16 0 -1
0 9 24 8 0 2
haar_y2
-4.277012e-01 0 -1
9.406320e-01 -2.508724e-01 
1
2
4 0 20 12 0 -1
4 4 20 4 0 3
haar_y3
-9.805608e-02 0 -1
6.982915e-01 -1.545250e-01 
1
2
1 2 10 21 0 -1
1 9 10 7 0 3
haar_y3
7.313772e-02 0 -1
-2.339276e-01 8.486123e-01 
1
2
11 2 9 18 0 -1
11 8 9 6 0 3
haar_y3
-6.691517e-02 0 -1
4.443547e-01 -1.869292e-01 
1
2
0 21 3 3 0 -1
1 21 1 3 0 3
haar_x3
-5.111453e-04 0 -1
-6.868905e-01 3.344215e-01 
1
2
13 23 3 1 0 -1
14 23 1 1 0 3
haar_x3
6.018904e-04 0 -1
1.158389e-01 -5.236793e-01 
1
2
1 1 2 13 0 -1
2 1 1 13 0 2
haar_x2
1.854565e-03 0 -1
3.323829e-01 -6.838637e-01 
1
2
7 0 16 6 0 -1
7 2 16 2 0 3
haar_y3
-2.632685e-02 0 -1
4.791761e-01 -2.211401e-01 
-9.042693e-01

10
-1
