7
1
2
1 22 3 2 0 -1
2 22 1 2 0 3
haar_x3
7.132309e-04 0 -1
3.961039e-01 -7.770679e-01 
1
2
1 7 23 15 0 -1
1 12 23 5 0 3
haar_y3
-1.055709e-01 0 -1
7.638398e-01 -4.011596e-01 
1
2
2 3 8 9 0 -1
2 6 8 3 0 3
haar_y3
-2.453642e-02 0 -1
9.430704e-01 -3.338675e-01 
1
2
13 10 5 12 0 -1
13 14 5 4 0 3
haar_y3
5.314337e-02 0 -1
-1.044463e-02 1.000000e+00 
1
2
0 20 3 2 0 -1
1 20 1 2 0 3
haar_x3
5.658814e-04 0 -1
4.706979e-01 -7.817214e-01 
1
2
12 15 9 3 0 -1
15 15 3 3 0 3
haar_x3
-1.615490e-02 0 -1
-7.674863e-01 1.213677e-01 
1
2
3 15 9 3 0 -1
6 15 3 3 0 3
haar_x3
-2.899359e-03 0 -1
-8.128935e-01 4.360577e-01 
-5.736639e-01

3
-1
